1 0.1940625 0.18641666666666665 0.17980000000000002 0.1980333333333333
1 0.38292499999999996 0.2514166666666667 0.1797375 0.228
1 0.5651125 0.2514166666666667 0.1663375 0.228
1 0.6957875 0.22696666666666668 0.16935 0.17913333333333334
1 0.84965 0.23438333333333333 0.1437375 0.17913333333333334
1 0.1897625 0.4534166666666667 0.22396249999999998 0.26535000000000003
1 0.3888875 0.48988333333333334 0.1833375 0.2753333333333333
1 0.5647 0.49211666666666665 0.17383749999999998 0.2353333333333333
1 0.7356374999999999 0.5136000000000001 0.196275 0.18941666666666668
1 0.872975 0.44620000000000004 0.1459625 0.18795
1 0.17572500000000002 0.7543 0.2320125 0.30043333333333333
1 0.4058375 0.7572500000000001 0.2116625 0.3063666666666667
1 0.5791375 0.7524333333333333 0.1805 0.33376666666666666
1 0.7678499999999999 0.7543 0.1829375 0.30043333333333333
1 0.9031125 0.6535666666666666 0.1701125 0.24713333333333334