1 0.025572916666666667 0.19918181818181818 0.051145833333333335 0.28393939393939394
1 0.14793402777777775 0.22227272727272726 0.21774305555555556 0.30742424242424243
1 0.05465277777777778 0.498 0.10928819444444444 0.3133939393939394
1 0.11159722222222222 0.8287878787878787 0.18630208333333334 0.3424242424242424
1 0.2393923611111111 0.5068787878787879 0.17713541666666666 0.33499999999999996
1 0.4129861111111111 0.433969696969697 0.1597222222222222 0.29903030303030304
1 0.3855381944444444 0.7704848484848484 0.17644097222222221 0.3318787878787879
1 0.5809027777777778 0.7704848484848484 0.24385416666666668 0.4038181818181818
1 0.7620833333333333 0.8287878787878787 0.21125000000000002 0.3424242424242424
1 0.6058680555555556 0.4885151515151515 0.1939409722222222 0.2679393939393939
1 0.6359201388888889 0.1878181818181818 0.17375 0.2725757575757576
1 0.4319618055555556 0.23630303030303032 0.19118055555555558 0.21803030303030305
1 0.31241319444444443 0.0703939393939394 0.19078125 0.14081818181818181
1 0.10921874999999999 0.04012121212121212 0.16850694444444445 0.08024242424242424
1 0.5074652777777778 0.042393939393939394 0.18595486111111112 0.08478787878787879
1 0.8600520833333333 0.14084848484848483 0.23572916666666666 0.2241212121212121