7 0.06597222222222222 0.2109375 0.0625 0.2421875 0.06944444444444445 0.2890625 0.08680555555555555 0.3255208333333333 0.140625 0.3359375 0.1840277777777778 0.3697916666666667 0.21180555555555555 0.3463541666666667 0.22916666666666666 0.3151041666666667 0.2326388888888889 0.22135416666666666 0.21006944444444445 0.17708333333333334 0.17708333333333334 0.1484375 0.15625 0.140625 0.1111111111111111 0.15104166666666666 0.0798611111111111 0.1796875
7 0.03993055555555555 0.375 0.036458333333333336 0.4505208333333333 0.041666666666666664 0.4739583333333333 0.057291666666666664 0.5026041666666666 0.08854166666666667 0.5338541666666666 0.125 0.5442708333333334 0.1423611111111111 0.5130208333333334 0.19270833333333334 0.4817708333333333 0.19618055555555555 0.4375 0.1892361111111111 0.3958333333333333 0.1736111111111111 0.3645833333333333 0.1545138888888889 0.3463541666666667 0.109375 0.328125 0.0642361111111111 0.3333333333333333 0.052083333333333336 0.34375
7 0.125 0.5520833333333334 0.1232638888888889 0.6041666666666666 0.1388888888888889 0.6536458333333334 0.16145833333333334 0.6822916666666666 0.1892361111111111 0.6979166666666666 0.21354166666666666 0.7005208333333334 0.2361111111111111 0.6640625 0.2517361111111111 0.6536458333333334 0.28125 0.6536458333333334 0.296875 0.6223958333333334 0.296875 0.5911458333333334 0.2795138888888889 0.5364583333333334 0.2604166666666667 0.5026041666666666 0.2326388888888889 0.4869791666666667 0.16319444444444445 0.4973958333333333 0.1388888888888889 0.5182291666666666
7 0.203125 0.3697916666666667 0.19444444444444445 0.4010416666666667 0.2013888888888889 0.4739583333333333 0.2482638888888889 0.4895833333333333 0.2795138888888889 0.53125 0.2864583333333333 0.53125 0.3125 0.4895833333333333 0.3506944444444444 0.4661458333333333 0.3576388888888889 0.4010416666666667 0.3177083333333333 0.3203125 0.24131944444444445 0.3229166666666667
7 0.2916666666666667 0.53125 0.2899305555555556 0.5546875 0.3003472222222222 0.5885416666666666 0.2986111111111111 0.6484375 0.3680555555555556 0.6979166666666666 0.3923611111111111 0.6692708333333334 0.4427083333333333 0.6380208333333334 0.453125 0.59375 0.4496527777777778 0.5546875 0.4427083333333333 0.53125 0.40625 0.4895833333333333 0.3472222222222222 0.4765625 0.3177083333333333 0.4895833333333333
7 0.21180555555555555 0.7239583333333334 0.2152777777777778 0.796875 0.22916666666666666 0.8333333333333334 0.25 0.8567708333333334 0.2795138888888889 0.8671875 0.3194444444444444 0.8645833333333334 0.3489583333333333 0.8489583333333334 0.3715277777777778 0.8072916666666666 0.375 0.7447916666666666 0.3645833333333333 0.7005208333333334 0.3159722222222222 0.6614583333333334 0.25 0.6588541666666666 0.2170138888888889 0.7005208333333334
7 0.375 0.7057291666666666 0.3802083333333333 0.8098958333333334 0.4184027777777778 0.8645833333333334 0.4479166666666667 0.875 0.4878472222222222 0.8671875 0.5173611111111112 0.8463541666666666 0.5347222222222222 0.8125 0.5399305555555556 0.7708333333333334 0.5295138888888888 0.6979166666666666 0.5208333333333334 0.6770833333333334 0.4965277777777778 0.65625 0.4739583333333333 0.6458333333333334 0.4149305555555556 0.65625 0.3888888888888889 0.6770833333333334
7 0.4739583333333333 0.578125 0.4722222222222222 0.6041666666666666 0.4809027777777778 0.6432291666666666 0.5121527777777778 0.6588541666666666 0.5347222222222222 0.6953125 0.5850694444444444 0.6640625 0.6319444444444444 0.6484375 0.6475694444444444 0.6015625 0.6440972222222222 0.5598958333333334 0.6336805555555556 0.53125 0.6163194444444444 0.5078125 0.578125 0.4921875 0.5387725694444445 0.5026041666666666 0.5069444444444444 0.4895833333333333
7 0.5434027777777778 0.7083333333333334 0.5364583333333334 0.7473958333333334 0.5520833333333334 0.8046875 0.5798611111111112 0.8489583333333334 0.6111111111111112 0.8671875 0.6458333333333334 0.8671875 0.6822916666666666 0.8463541666666666 0.7065972222222222 0.8072916666666666 0.7222222222222222 0.75 0.7135416666666666 0.7109375 0.6961805555555556 0.6822916666666666 0.65625 0.6536458333333334 0.5868055555555556 0.6692708333333334
7 0.6753472222222222 0.609375 0.6840277777777778 0.6614583333333334 0.71875 0.7161458333333334 0.7239583333333334 0.7447916666666666 0.7569444444444444 0.7630208333333334 0.7986111111111112 0.7578125 0.8246527777777778 0.7369791666666666 0.8524305555555556 0.6875 0.8645833333333334 0.6432291666666666 0.8628472222222222 0.6067708333333334 0.8402777777777778 0.5651041666666666 0.7899305555555556 0.5442708333333334 0.7638888888888888 0.5416666666666666 0.7517361111111112 0.5546875 0.7274305555555556 0.5598958333333334
7 0.6284722222222222 0.4453125 0.6284722222222222 0.515625 0.6527777777777778 0.5729166666666666 0.6805555555555556 0.59375 0.734375 0.5546875 0.7899305555555556 0.5338541666666666 0.7864583333333334 0.4114583333333333 0.7517361111111112 0.3776041666666667 0.6684027777777778 0.375 0.6336805555555556 0.4244791666666667
7 0.7916666666666666 0.4375 0.7899305555555556 0.5 0.8003472222222222 0.5390625 0.8385416666666666 0.5572916666666666 0.8645833333333334 0.5911458333333334 0.8958333333333334 0.5885416666666666 0.9236111111111112 0.5703125 0.9461805555555556 0.5364583333333334 0.9565972222222222 0.5 0.9565972222222222 0.4270833333333333 0.9479166666666666 0.4010416666666667 0.9270833333333334 0.375 0.8420138888888888 0.3723958333333333 0.8003472222222222 0.40625
7 0.23958333333333334 0.2109375 0.2361111111111111 0.296875 0.24131944444444445 0.3151041666666667 0.3194444444444444 0.3151041666666667 0.3090277777777778 0.265625 0.3090277777777778 0.2265625 0.3229166666666667 0.15364583333333334 0.2673611111111111 0.15625