9 0.55759375 0.23254687500000001 0.220640625 0.19478125
9 0.45056250000000003 0.72034375 0.39721875 0.381328125
9 0.438265625 0.412796875 0.25934375 0.184171875
9 0.330484375 0.263203125 0.20003125000000002 0.142828125
9 0.19007812500000001 0.373546875 0.21218750000000003 0.172078125
9 0.175421875 0.6316875 0.28834375 0.336828125
9 0.656015625 0.5680468750000001 0.229984375 0.186078125
9 0.704046875 0.385453125 0.2245 0.192
9 0.79465625 0.256953125 0.155734375 0.11470312499999999
9 0.8339062500000001 0.388765625 0.152203125 0.179109375
9 0.8753125 0.49812500000000004 0.18812500000000001 0.163453125
9 0.776109375 0.69028125 0.255328125 0.21964062499999998