1 0.14450000000000002 0.13983673469387753 0.212296875 0.2269795918367347
1 0.33414062499999997 0.1446530612244898 0.22376562500000002 0.19951020408163267
1 0.527859375 0.1485510204081633 0.222703125 0.21842857142857144
1 0.702109375 0.14242857142857143 0.200890625 0.1950612244897959
1 0.8397343749999999 0.16173469387755102 0.23529687500000002 0.1742857142857143
1 0.11340625 0.4544285714285714 0.181359375 0.3663877551020408
1 0.275734375 0.4099183673469388 0.213390625 0.33671428571428574
1 0.4526875 0.4084285714285714 0.18662499999999999 0.3188979591836735
1 0.639453125 0.38542857142857145 0.19934375 0.37679591836734694
1 0.8631249999999999 0.42381632653061224 0.2631875 0.3682448979591837
1 0.09281249999999999 0.7762857142857142 0.143015625 0.33104081632653065
1 0.218640625 0.7592040816326531 0.26396875 0.35626530612244894
1 0.46659375000000003 0.7445510204081632 0.333765625 0.32326530612244897
1 0.686875 0.7248979591836735 0.197625 0.3803877551020408
1 0.8825937500000001 0.753469387755102 0.20835937499999999 0.32622448979591834