1 0.43290055248618786 0.19548837209302325 0.10842541436464088 0.13825581395348838
1 0.5342817679558011 0.1596279069767442 0.07870165745856353 0.14795348837209302
1 0.620828729281768 0.10711627906976745 0.07683701657458564 0.13206976744186047
1 0.7131215469613259 0.16293023255813954 0.10027624309392265 0.13516279069767442
1 0.722099447513812 0.3177441860465116 0.095207182320442 0.1386046511627907
1 0.6842403314917127 0.45609302325581397 0.11386740331491713 0.1439767441860465
1 0.5831906077348067 0.5173255813953488 0.09133977900552485 0.1424186046511628
1 0.4861878453038674 0.48090697674418603 0.08838397790055248 0.14706976744186048
1 0.4333563535911602 0.33190697674418607 0.10013812154696132 0.10099999999999999
1 0.6254281767955802 0.23481395348837208 0.07683701657458564 0.08125581395348837
1 0.345207182320442 0.6312558139534884 0.15863259668508287 0.2617441860465116