1 0.32743333333333335 0.39844999999999997 0.12893333333333334 0.1739
1 0.4463 0.34804999999999997 0.12223333333333333 0.17684999999999998
1 0.6010666666666666 0.32305 0.1207 0.18245
1 0.2670666666666667 0.5619 0.11933333333333332 0.14905
1 0.39666666666666667 0.5638000000000001 0.10693333333333332 0.16015000000000001
1 0.5366666666666666 0.49545 0.10540000000000001 0.1161
1 0.6714333333333333 0.49674999999999997 0.10833333333333334 0.16685
1 0.7453666666666667 0.6639499999999999 0.1204 0.14935
1 0.25693333333333335 0.7652500000000001 0.12376666666666668 0.14825
1 0.3826 0.80765 0.11336666666666666 0.17004999999999998
1 0.2670666666666667 0.9261 0.12919999999999998 0.1478
1 0.49899999999999994 0.9148499999999999 0.11159999999999999 0.16595
1 0.38816666666666666 0.9687 0.12200000000000001 0.0626
1 0.6315666666666666 0.7739499999999999 0.115 0.19895
1 0.7581 0.8874500000000001 0.11866666666666667 0.18525
1 0.6434333333333333 0.9473999999999999 0.12883333333333333 0.1052