1 0.45811250000000003 0.39279026217228463 0.1887375 0.10694756554307117
1 0.6829500000000001 0.3497378277153558 0.1909 0.10322097378277154
1 0.25665 0.45814606741573033 0.1458125 0.14400749063670412
1 0.2055375 0.5781647940074907 0.16607500000000003 0.08067415730337078
1 0.2946375 0.7335580524344569 0.241775 0.1892322097378277
1 0.5486 0.7633333333333333 0.2097 0.14765917602996254
1 0.5964625 0.6032584269662921 0.18793749999999998 0.15331460674157305
1 0.41625 0.5349063670411984 0.1825 0.14022471910112358
1 0.6318375 0.476310861423221 0.16117499999999998 0.08670411985018726
1 0.84555 0.4592696629213483 0.18359999999999999 0.07883895131086142
1 0.8675 0.5738576779026218 0.265 0.09827715355805243
1 0.8100499999999999 0.7197191011235955 0.2726 0.13904494382022473