9 0.344 0.20608108108108109 0.348 0.27702702702702703 0.398 0.34121621621621623 0.452 0.3310810810810811 0.474 0.2939189189189189 0.484 0.2533783783783784 0.476 0.1858108108108108 0.434 0.14189189189189189 0.376 0.14864864864864866 0.35 0.18243243243243243
9 0.116 0.24662162162162163 0.118 0.2972972972972973 0.132 0.33783783783783783 0.146 0.35135135135135137 0.228 0.36486486486486486 0.28 0.3141891891891892 0.276 0.20945945945945946 0.218 0.16216216216216217 0.18 0.15878378378378377 0.142 0.18243243243243243
9 0.072 0.4560810810810811 0.076 0.5405405405405406 0.104 0.5878378378378378 0.128 0.597972972972973 0.202 0.5844594594594594 0.23 0.543918918918919 0.244 0.4864864864864865 0.242 0.43243243243243246 0.23 0.39864864864864863 0.214 0.375 0.18 0.3547297297297297 0.116 0.3716216216216216 0.086 0.41216216216216217
9 0.032 0.7364864864864865 0.03 0.8006756756756757 0.038 0.8378378378378378 0.058 0.8783783783783784 0.092 0.8986486486486487 0.168 0.8885135135135135 0.222 0.8108108108108109 0.232 0.7668918918918919 0.232 0.7263513513513513 0.218 0.6722972972972973 0.192 0.6351351351351351 0.154 0.6114864864864865 0.112 0.6148648648648649 0.07 0.6452702702702703 0.046 0.6858108108108109
9 0.296 0.44594594594594594 0.292 0.4966216216216216 0.314 0.5641891891891891 0.394 0.5945945945945946 0.432 0.5743243243243243 0.452 0.5405405405405406 0.464 0.46959459459459457 0.456 0.4222972972972973 0.442 0.3952702702702703 0.388 0.3547297297297297 0.364 0.3547297297297297 0.332 0.375
9 0.3 0.7398648648648649 0.298 0.8006756756756757 0.306 0.8412162162162162 0.358 0.918918918918919 0.396 0.9256756756756757 0.442 0.9087837837837838 0.458 0.8952702702702703 0.488 0.8344594594594594 0.49 0.7094594594594594 0.472 0.6655405405405406 0.428 0.625 0.384 0.6182432432432432 0.342 0.6452702702702703 0.316 0.6824324324324325
9 0.508 0.22297297297297297 0.51 0.30405405405405406 0.522 0.3277027027027027 0.556 0.35135135135135137 0.628 0.33783783783783783 0.646 0.2939189189189189 0.642 0.22297297297297297 0.598 0.16216216216216217 0.538 0.16891891891891891
9 0.496 0.4391891891891892 0.498 0.5472972972972973 0.516 0.597972972972973 0.55 0.6182432432432432 0.606 0.6148648648648649 0.626 0.6013513513513513 0.648 0.5574324324324325 0.646 0.46283783783783783 0.626 0.40202702702702703 0.61 0.38175675675675674 0.582 0.36824324324324326 0.546 0.375 0.514 0.39864864864864863
9 0.55 0.7601351351351351 0.552 0.831081081081081 0.572 0.8952702702702703 0.628 0.9358108108108109 0.694 0.9324324324324325 0.722 0.8952702702702703 0.736 0.8445945945945946 0.734 0.7871621621621622 0.714 0.7195945945945946 0.686 0.6790540540540541 0.658 0.6587837837837838 0.622 0.652027027027027 0.592 0.668918918918919 0.56 0.7162162162162162
9 0.67 0.21283783783783783 0.676 0.28040540540540543 0.722 0.3344594594594595 0.786 0.32094594594594594 0.81 0.2635135135135135 0.81 0.22972972972972974 0.798 0.19256756756756757 0.756 0.14864864864864866 0.712 0.14864864864864866 0.682 0.17905405405405406
9 0.7 0.38513513513513514 0.696 0.44256756756756754 0.704 0.47635135135135137 0.752 0.5337837837837838 0.792 0.5472972972972973 0.822 0.5202702702702703 0.84 0.4797297297297297 0.844 0.4222972972972973 0.838 0.3885135135135135 0.796 0.3310810810810811 0.75 0.32432432432432434 0.718 0.35135135135135137
9 0.784 0.6351351351351351 0.778 0.6824324324324325 0.8 0.7533783783783784 0.854 0.8277027027027027 0.892 0.8412162162162162 0.918 0.831081081081081 0.956 0.7668918918918919 0.96 0.7128378378378378 0.948 0.6655405405405406 0.924 0.6182432432432432 0.89 0.581081081081081 0.844 0.5709459459459459 0.816 0.5844594594594594