1 0.280734375 0.8454322429906542 0.394796875 0.22591121495327102
1 0.644734375 0.8495210280373833 0.3415625 0.23019859813084115
1 0.340890625 0.6369392523364487 0.311984375 0.14772196261682244
1 0.6835312499999999 0.6649766355140188 0.28895312500000003 0.12591121495327104
1 0.45806250000000004 0.5115771028037384 0.22340624999999997 0.09947429906542057
1 0.18153125 0.5178037383177571 0.30578125 0.11192757009345794
1 0.121140625 0.4235864485981308 0.22665625 0.09482476635514019
1 0.164109375 0.34123831775700936 0.161546875 0.08200934579439252
1 0.321375 0.4033411214953271 0.163578125 0.08549065420560749
1 0.49815624999999997 0.42922897196261683 0.20985937500000001 0.08664719626168224
1 0.683546875 0.48899532710280375 0.24729687500000003 0.11661214953271028
1 0.890625 0.44616822429906544 0.21875 0.09325934579439252
1 0.8932343749999999 0.6089135514018692 0.21354687499999997 0.12280373831775701
1 0.94921875 0.8191471962616823 0.1015625 0.24733644859813084
1 0.953125 0.51625 0.09375 0.0620911214953271
1 0.762703125 0.36128504672897194 0.13478125000000002 0.06370327102803738
1 0.6775625 0.4072313084112149 0.167625 0.06212616822429907
1 0.477859375 0.3636214953271028 0.13799999999999998 0.05279205607476635
1 0.311734375 0.3371495327102804 0.10785937500000001 0.046577102803738314
1 0.420578125 0.31553738317757013 0.127609375 0.04619158878504673
1 0.59034375 0.3357827102803738 0.13379687499999998 0.07110981308411214
1 0.710375 0.30113317757009345 0.139484375 0.07189252336448598
1 0.6244531249999999 0.26434579439252337 0.123890625 0.04893691588785047
1 0.495046875 0.2431191588785047 0.120296875 0.04154205607476636
1 0.399484375 0.2699883177570094 0.153140625 0.025175233644859813