9 0.20321296296296296 0.367641975308642 0.14187962962962963 0.11730864197530863
9 0.7286574074074075 0.25338271604938273 0.13190740740740742 0.11451851851851852
9 0.16631481481481483 0.2002962962962963 0.12892592592592594 0.09654320987654322
9 0.07003703703703704 0.2902345679012346 0.11626851851851851 0.08593827160493828
9 0.08683333333333333 0.4390617283950617 0.13133333333333333 0.12962962962962962
9 0.028120370370370372 0.5702592592592592 0.056240740740740744 0.16627160493827162
9 0.1355 0.6515555555555556 0.14401851851851852 0.19833333333333333
9 0.24341666666666664 0.49725925925925923 0.14821296296296296 0.1260864197530864
9 0.30598148148148147 0.2278148148148148 0.09079629629629629 0.08102469135802469
9 0.34987962962962965 0.3572469135802469 0.1362685185185185 0.10708641975308641
9 0.44377777777777777 0.2546172839506173 0.12830555555555556 0.0922962962962963
9 0.6019537037037037 0.29517283950617285 0.11661111111111111 0.10992592592592593
9 0.4054259259259259 0.5263580246913581 0.12037962962962963 0.09609876543209878
9 0.28414814814814815 0.7423703703703705 0.16618518518518519 0.20007407407407407
9 0.4276388888888889 0.6224567901234568 0.17538888888888887 0.12958024691358025
9 0.5144074074074073 0.44506172839506175 0.1372685185185185 0.14866666666666667
9 0.7334166666666667 0.3840493827160494 0.13085185185185186 0.09014814814814814
9 0.6575 0.49655555555555553 0.13246296296296298 0.124679012345679
9 0.5793425925925927 0.6328641975308642 0.13222222222222224 0.18212345679012346
9 0.4895370370370371 0.8030246913580248 0.17219444444444446 0.18030864197530866
9 0.6731018518518519 0.8862592592592593 0.19012037037037038 0.205679012345679
9 0.8794166666666666 0.8911975308641975 0.17946296296296296 0.20144444444444443
9 0.7388333333333333 0.695111111111111 0.18137037037037038 0.1478888888888889
9 0.8318055555555556 0.549283950617284 0.1689074074074074 0.10666666666666667
9 0.9219537037037038 0.6940493827160493 0.15608333333333332 0.1810493827160494
9 0.8825925925925926 0.41614814814814816 0.14349074074074075 0.10495061728395062
9 0.9537037037037037 0.528641975308642 0.09259259259259259 0.15358024691358024