1 0.26461666666666667 0.5132738095238095 0.14171666666666666 0.30779761904761904
1 0.3524 0.7952380952380952 0.23604999999999998 0.2318452380952381
1 0.5425833333333333 0.7610119047619047 0.17058333333333334 0.2824404761904762
1 0.46718333333333334 0.9587202380952381 0.16976666666666668 0.08258928571428571
1 0.6326 0.9168452380952381 0.16606666666666667 0.1662797619047619
1 0.6567333333333334 0.6665178571428572 0.14055 0.2869345238095238
1 0.36011666666666664 0.5370833333333334 0.14731666666666668 0.23636904761904762
1 0.5161333333333333 0.4976488095238095 0.19683333333333333 0.24681547619047622
1 0.43916666666666665 0.33288690476190474 0.17415 0.1925297619047619
1 0.32356666666666667 0.2605357142857143 0.14711666666666667 0.24499999999999997
1 0.43625 0.11806547619047619 0.14333333333333334 0.23538690476190477
1 0.5431333333333334 0.2179464285714286 0.18873333333333334 0.2379464285714286
1 0.6580833333333334 0.39220238095238097 0.15783333333333333 0.30002976190476194
1 0.6345500000000001 0.11675595238095238 0.1566 0.22904761904761903
1 0.7577499999999999 0.2670238095238095 0.14676666666666668 0.2617559523809524
1 0.7875333333333333 0.5383928571428571 0.15216666666666667 0.27247023809523807
1 0.7386 0.7881547619047619 0.1501 0.28464285714285714