10 0.06142857142857143 0.2019047619047619 0.022857142857142857 0.24952380952380954 0 0.26666666666666666 0 0.41714285714285715 0.025714285714285714 0.42095238095238097 0.08142857142857143 0.3504761904761905 0.08 0.32571428571428573 0.09857142857142857 0.30095238095238097 0.13428571428571429 0.29333333333333333 0.19142857142857142 0.22476190476190477 0.2357142857142857 0.19238095238095237 0.26571428571428574 0.2038095238095238 0.26857142857142857 0.18666666666666668 0.22714285714285715 0.10095238095238095 0.19857142857142857 0.0838095238095238
10 0.25142857142857145 0.699047619047619 0.24714285714285714 0.780952380952381 0.25285714285714284 0.7885714285714286 0.3357142857142857 0.8228571428571428 0.3514285714285714 0.8247619047619048 0.36 0.8152380952380952 0.37142857142857144 0.7847619047619048 0.40714285714285714 0.5638095238095238 0.4328571428571429 0.3333333333333333 0.4328571428571429 0.3238095238095238 0.42428571428571427 0.3142857142857143 0.38285714285714284 0.29333333333333333 0.3142857142857143 0.30095238095238097 0.3057142857142857 0.31047619047619046 0.3028571428571429 0.3523809523809524 0.26571428571428574 0.5371428571428571
10 0.32857142857142857 0.14857142857142858 0.32285714285714284 0.17904761904761904 0.3985714285714286 0.2780952380952381 0.4357142857142857 0.3028571428571429 0.44142857142857145 0.2571428571428571 0.4328571428571429 0.21714285714285714 0.43714285714285717 0.2 0.43 0.18666666666666668 0.43 0.13904761904761906 0.41714285714285715 0.10285714285714286 0.38285714285714284 0.06285714285714286 0.37 0.05904761904761905
10 0.44142857142857145 0.13142857142857142 0.44285714285714284 0.2019047619047619 0.4514285714285714 0.22857142857142856 0.4514285714285714 0.2838095238095238 0.4585714285714286 0.3314285714285714 0.5385714285714286 0.3961904761904762 0.5557142857142857 0.3904761904761905 0.6028571428571429 0.3523809523809524 0.6228571428571429 0.32 0.6085714285714285 0.23238095238095238 0.6028571428571429 0.22476190476190477 0.5785714285714286 0.21904761904761905 0.47 0.13904761904761906
10 0.041428571428571426 0.4685714285714286 0 0.5466666666666666 0 0.8095238095238095 0.04 0.7904761904761904 0.04 0.7733333333333333 0.05714285714285714 0.7504761904761905 0.07714285714285714 0.699047619047619 0.08428571428571428 0.660952380952381 0.06714285714285714 0.6285714285714286 0.09142857142857143 0.56 0.09571428571428571 0.5276190476190477 0.13 0.4685714285714286 0.19285714285714287 0.3961904761904762 0.19285714285714287 0.37523809523809526 0.15714285714285714 0.34095238095238095 0.13714285714285715 0.33714285714285713 0.09 0.38476190476190475
10 0.08571428571428572 0.31047619047619046 0.08428571428571428 0.3295238095238095 0.09428571428571429 0.37333333333333335 0.13142857142857142 0.3028571428571429
10 0.2542857142857143 0.2895238095238095 0.25285714285714284 0.3142857142857143 0.26857142857142857 0.32 0.30428571428571427 0.2838095238095238 0.35714285714285715 0.2895238095238095 0.37142857142857144 0.2819047619047619 0.37285714285714283 0.2571428571428571 0.3514285714285714 0.2361904761904762 0.3 0.24952380952380954 0.26857142857142857 0.259047619047619
10 0.1457142857142857 0.3161904761904762 0.14714285714285713 0.3333333333333333 0.1657142857142857 0.34095238095238095 0.19857142857142857 0.37142857142857144 0.20857142857142857 0.3466666666666667 0.22857142857142856 0.3333333333333333 0.24285714285714285 0.2704761904761905 0.23 0.26857142857142857 0.17714285714285713 0.2857142857142857 0.15285714285714286 0.3028571428571429
10 0.14857142857142858 0.660952380952381 0.14857142857142858 0.72 0.16142857142857142 0.7485714285714286 0.20857142857142857 0.7752380952380953 0.24142857142857144 0.7790476190476191 0.26571428571428574 0.5238095238095238 0.29285714285714287 0.38476190476190475 0.29 0.3638095238095238 0.25857142857142856 0.37142857142857144 0.25 0.38285714285714284
10 0.09 0.7904761904761904 0.08428571428571428 0.8076190476190476 0.09 0.8857142857142857 0.08428571428571428 0.8952380952380953 0.09142857142857143 0.9180952380952381 0.10285714285714286 0.9295238095238095 0.25857142857142856 0.9295238095238095 0.2671428571428571 0.9219047619047619 0.30857142857142855 0.9161904761904762 0.4514285714285714 0.9085714285714286 0.48428571428571426 0.8971428571428571 0.49857142857142855 0.8819047619047619 0.49857142857142855 0.8761904761904762 0.48714285714285716 0.8761904761904762 0.4642857142857143 0.8895238095238095 0.4185714285714286 0.8876190476190476 0.37714285714285717 0.8552380952380952 0.37 0.8114285714285714 0.35428571428571426 0.8266666666666667 0.3357142857142857 0.8266666666666667 0.16857142857142857 0.758095238095238 0.10428571428571429 0.758095238095238
10 0.37714285714285717 0.7923809523809524 0.37857142857142856 0.8514285714285714 0.41 0.8761904761904762 0.45571428571428574 0.8895238095238095 0.5014285714285714 0.8742857142857143 0.5085714285714286 0.8552380952380952 0.5114285714285715 0.7238095238095238 0.5314285714285715 0.4419047619047619 0.5242857142857142 0.3904761904761905 0.48 0.3466666666666667 0.4514285714285714 0.34095238095238095 0.43 0.4
10 0.45 0.10476190476190476 0.45285714285714285 0.12761904761904763 0.5214285714285715 0.17714285714285713 0.56 0.19428571428571428 0.56 0.2038095238095238 0.58 0.21714285714285714 0.6071428571428571 0.22476190476190477 0.6185714285714285 0.26476190476190475 0.6185714285714285 0.29333333333333333 0.6285714285714286 0.31047619047619046 0.6428571428571429 0.32 0.6642857142857143 0.3180952380952381 0.6857142857142857 0.2819047619047619 0.6871428571428572 0.26476190476190475 0.6942857142857143 0.25523809523809526 0.6928571428571428 0.2361904761904762 0.6857142857142857 0.22857142857142856 0.6657142857142857 0.23047619047619047 0.66 0.21523809523809523 0.6728571428571428 0.2019047619047619 0.6728571428571428 0.19238095238095237 0.6371428571428571 0.16380952380952382 0.5657142857142857 0.11428571428571428 0.48 0.06857142857142857 0.46285714285714286 0.07047619047619047
10 0.5128571428571429 0.7409523809523809 0.5128571428571429 0.8571428571428571 0.5042857142857143 0.9047619047619048 0.5471428571428572 0.9295238095238095 0.5828571428571429 0.9314285714285714 0.5971428571428572 0.9238095238095239 0.6114285714285714 0.8876190476190476 0.6242857142857143 0.7847619047619048 0.6342857142857142 0.7523809523809524 0.6671428571428571 0.4266666666666667 0.6642857142857143 0.4038095238095238 0.6171428571428571 0.38666666666666666 0.6057142857142858 0.3619047619047619 0.6014285714285714 0.38095238095238093 0.56 0.3980952380952381 0.5428571428571428 0.44761904761904764 0.5271428571428571 0.5619047619047619
10 0.6728571428571428 0.32761904761904764 0.66 0.3923809523809524 0.6728571428571428 0.4228571428571429 0.6657142857142857 0.48 0.6814285714285714 0.700952380952381 0.71 0.72 0.7371428571428571 0.7238095238095238 0.8028571428571428 0.7161904761904762 0.8214285714285714 0.699047619047619 0.8242857142857143 0.6780952380952381 0.8085714285714286 0.6228571428571429 0.7685714285714286 0.2571428571428571 0.7428571428571429 0.24 0.7142857142857143 0.2419047619047619 0.6928571428571428 0.30666666666666664
10 0.62 0.8380952380952381 0.6185714285714285 0.8590476190476191 0.6285714285714286 0.8590476190476191 0.6471428571428571 0.8895238095238095 0.6742857142857143 0.8933333333333333 0.6942857142857143 0.9066666666666666 0.71 0.9028571428571428 0.7357142857142858 0.8438095238095238 0.7314285714285714 0.7733333333333333 0.7114285714285714 0.7295238095238096 0.67 0.700952380952381 0.6742857142857143 0.6914285714285714 0.6714285714285714 0.64 0.6571428571428571 0.6247619047619047 0.6485714285714286 0.6361904761904762 0.6542857142857142 0.6552380952380953 0.6485714285714286 0.6628571428571428 0.6428571428571429 0.7295238095238096
10 0.6171428571428571 0.0838095238095238 0.6171428571428571 0.12 0.6285714285714286 0.13904761904761906 0.7628571428571429 0.14476190476190476 0.7714285714285715 0.13714285714285715 0.7657142857142857 0.10476190476190476 0.7 0.06095238095238095 0.6542857142857142 0.05523809523809524 0.6314285714285715 0.06666666666666667
10 0.8428571428571429 0.26476190476190475 0.84 0.2819047619047619 0.8542857142857143 0.3352380952380952 0.8614285714285714 0.4 0.9028571428571428 0.45714285714285713 0.9457142857142857 0.5009523809523809 0.9885714285714285 0.5714285714285714 0.9985714285714286 0.5695238095238095 0.9985714285714286 0.5428571428571428 0.9771428571428571 0.4380952380952381 0.9742857142857143 0.38095238095238093 0.9685714285714285 0.3638095238095238 0.96 0.21714285714285714 0.9171428571428571 0.20952380952380953 0.8828571428571429 0.22095238095238096 0.8642857142857143 0.24952380952380954
10 0.8 0.4895238095238095 0.8128571428571428 0.6209523809523809 0.8571428571428571 0.7276190476190476 0.8685714285714285 0.7695238095238095 0.8885714285714286 0.8038095238095239 0.8857142857142857 0.8419047619047619 0.89 0.8571428571428571 0.9042857142857142 0.8761904761904762 0.9114285714285715 0.8742857142857143 0.9142857142857143 0.8819047619047619 0.9457142857142857 0.8952380952380953 0.98 0.8895238095238095 0.9985714285714286 0.8495238095238096 0.9985714285714286 0.7714285714285715 0.8885714285714286 0.45904761904761904 0.8642857142857143 0.4514285714285714 0.8342857142857143 0.4533333333333333 0.8171428571428572 0.46476190476190476
10 0.9071428571428571 0.49333333333333335 0.91 0.52 0.9542857142857143 0.6495238095238095 0.9985714285714286 0.758095238095238 0.9985714285714286 0.5980952380952381 0.9885714285714285 0.5980952380952381
10 0.8271428571428572 0.6914285714285714 0.8185714285714286 0.7066666666666667 0.7871428571428571 0.7257142857142858 0.7142857142857143 0.7238095238095238 0.7514285714285714 0.8228571428571428 0.8028571428571428 0.8761904761904762 0.85 0.8723809523809524 0.8871428571428571 0.8171428571428572 0.8514285714285714 0.7238095238095238