1 0.06049227799227799 0.1718448275862069 0.12098455598455599 0.17403448275862068
1 0.3002027027027027 0.106 0.237480694980695 0.11819827586206898
1 0.8097683397683397 0.06531896551724138 0.25274131274131273 0.09200862068965518
1 0.569073359073359 0.2401120689655172 0.2925868725868726 0.15884482758620688
1 0.2899710424710425 0.30648275862068963 0.32897683397683397 0.15020689655172415
1 0.07476833976833976 0.3675086206896552 0.14182432432432432 0.19638793103448277
1 0.14830115830115828 0.6521120689655173 0.2850096525096525 0.3138706896551724
1 0.4721814671814672 0.5202413793103449 0.3227316602316603 0.21910344827586206
1 0.802046332046332 0.4354224137931034 0.2836293436293436 0.1874051724137931
1 0.719034749034749 0.8124310344827586 0.4805405405405405 0.33796551724137935
1 0.31427606177606177 0.9027586206896552 0.5242953667953667 0.19448275862068964
1 0.918918918918919 0.6478103448275863 0.16216216216216217 0.1983793103448276