1 0.46741353383458645 0.5271600481347773 0.19296240601503759 0.1189049338146811
1 0.04744360902255639 0.6302406738868833 0.09487218045112783 0.12448856799037304
1 0.19903759398496243 0.6059687123947052 0.19255639097744362 0.11206979542719614
1 0.31530827067669176 0.5201444043321299 0.12434586466165413 0.11690734055354994
1 0.4065112781954887 0.6190132370637785 0.20651127819548873 0.0859927797833935
1 0.1737142857142857 0.7531648616125151 0.26723308270676693 0.1577496991576414
1 0.17446616541353382 0.8849097472924188 0.23365413533834586 0.1123826714801444
1 0.39875187969924814 0.828158844765343 0.20601503759398496 0.13927797833935018
1 0.4140300751879699 0.6819735258724429 0.2115187969924812 0.13972322503008425
1 0.6035037593984962 0.6083754512635379 0.1914887218045113 0.1008303249097473
1 0.04093233082706767 0.7567749699157641 0.07181954887218045 0.12486161251504213
1 0.5473533834586466 0.7192779783393503 0.1573533834586466 0.11002406738868833