1 0.441625 0.1425 0.18575 0.17227611940298507
1 0.2359 0.22940298507462686 0.1693 0.15955223880597014
1 0.137425 0.406455223880597 0.26232500000000003 0.1666044776119403
1 0.17215 0.6025 0.276825 0.20421641791044776
1 0.36700000000000005 0.7578731343283582 0.26899999999999996 0.24261194029850744
1 0.493725 0.5821641791044776 0.25745 0.19716417910447762
1 0.635325 0.32847014925373136 0.228175 0.18231343283582088
1 0.6697 0.1603731343283582 0.22940000000000002 0.17824626865671642
1 0.882175 0.2905970149253731 0.224325 0.14761194029850747
1 0.936875 0.4620149253731343 0.12625 0.15093283582089553
1 0.7106999999999999 0.5077238805970149 0.251375 0.17888059701492537
1 0.901875 0.6692910447761194 0.19625 0.1512313432835821
1 0.66095 0.7852985074626866 0.2969 0.21164179104477612