1 0.25465284974093266 0.2770625 0.21322279792746113 0.24627500000000002
1 0.19544041450777203 0.5331 0.24876683937823835 0.25120000000000003
1 0.30319170984455956 0.8180625 0.2510984455958549 0.2782625
1 0.552901554404145 0.882325 0.20868393782383418 0.2353625
1 0.6196476683937824 0.6571875 0.29776165803108806 0.24581250000000002
1 0.8191709844559586 0.8644625 0.2586113989637306 0.271075
1 0.894518134715026 0.620225 0.21095336787564767 0.2826
1 0.9056269430051813 0.3106375 0.18874611398963728 0.2562625
1 0.6899585492227979 0.3524125 0.21633160621761657 0.24697500000000003
1 0.6936580310880829 0.1029875 0.2562901554404145 0.205975
1 0.4412953367875648 0.123875 0.24009326424870467 0.23274999999999998