1 0.35462890625 0.37418740849194726 0.10134765625 0.1436896046852123
1 0.438115234375 0.2883601756954612 0.0925390625 0.12212298682284041
1 0.540517578125 0.2790336749633968 0.084931640625 0.12907759882869693
1 0.635830078125 0.341800878477306 0.077822265625 0.14112737920937043
1 0.544052734375 0.41699853587115665 0.0993359375 0.11951683748169838
1 0.453486328125 0.43 0.098876953125 0.1052415812591508
1 0.392216796875 0.5738213762811127 0.117939453125 0.13667642752562226
1 0.308251953125 0.5337481698389458 0.096484375 0.1260761346998536
1 0.3531640625 0.7075988286969254 0.09841796875 0.12967789165446558
1 0.434326171875 0.8581844802342606 0.11181640625 0.14171303074670571
1 0.46984375 0.6889311859443631 0.087646484375 0.1289458272327965
1 0.51048828125 0.5577306002928257 0.088359375 0.10446559297218154
1 0.606171875 0.5333821376281113 0.094189453125 0.13266471449487555
1 0.576513671875 0.6812445095168375 0.091025390625 0.12090775988286968
1 0.570537109375 0.8336749633967789 0.10103515625 0.17319180087847733
1 0.6648828125 0.7551683748169838 0.09197265625 0.107701317715959