1 0.160625 0.28645 0.143359375 0.17215
1 0.160015625 0.482575 0.163796875 0.179775
1 0.230921875 0.659475 0.185390625 0.21050000000000002
1 0.40684375 0.75735 0.181484375 0.24855
1 0.43496875 0.44432499999999997 0.12715625 0.176325
1 0.31960937500000003 0.33145 0.127203125 0.16215
1 0.274421875 0.178025 0.12337499999999998 0.139875
1 0.37440625 0.085725 0.11179687499999999 0.1399
1 0.42896875 0.217825 0.1295625 0.131025
1 0.512609375 0.09667500000000001 0.11415625 0.157975
1 0.60646875 0.1909 0.126390625 0.12335000000000002
1 0.5384375 0.308775 0.139390625 0.155225
1 0.6112656249999999 0.43105 0.11676562500000001 0.138275
1 0.6555 0.28935 0.08021875 0.12022500000000001