1 0.1568515625 0.46595833333333336 0.226640625 0.17319444444444446
1 0.1750390625 0.6470972222222222 0.220609375 0.1346527777777778
1 0.3352734375 0.7637361111111111 0.23751562499999998 0.16161111111111112
1 0.6006328125 0.746875 0.24590625 0.11598611111111112
1 0.8048359375 0.6129722222222221 0.22128125 0.14577777777777776
1 0.5003203125 0.6185277777777778 0.1948359375 0.12513888888888888
1 0.3419765625 0.5429444444444445 0.18841406249999998 0.1684166666666667
1 0.26353125 0.3278888888888889 0.1632265625 0.1827638888888889
1 0.50009375 0.43204166666666666 0.18099218749999998 0.18075
1 0.4272265625 0.36220833333333335 0.20713281249999999 0.15219444444444444
1 0.638578125 0.3709444444444444 0.143234375 0.13791666666666666
1 0.6839921875 0.5260833333333333 0.17378906249999998 0.13866666666666666
1 0.423765625 0.20826388888888886 0.1890546875 0.1776388888888889
1 0.6201640625 0.19954166666666664 0.16221093749999999 0.14431944444444444
1 0.7886640625 0.2703611111111111 0.1643828125 0.1232638888888889
1 0.8667734375 0.4217222222222222 0.20452343750000002 0.16012500000000002