1 0.39404296875 0.1376154672395274 0.163095703125 0.1635230934479055
1 0.275087890625 0.22317937701396348 0.1953515625 0.18426423200859293
1 0.16263671875 0.311235230934479 0.20158203125 0.15989258861439315
1 0.12650390625 0.475016111707841 0.253017578125 0.19027926960257788
1 0.213076171875 0.6804940923737915 0.25689453125 0.21455424274973148
1 0.8428515625 0.5908270676691729 0.259931640625 0.1963265306122449
1 0.88830078125 0.40789473684210525 0.2214453125 0.19567132116004296
1 0.788662109375 0.24948442534908702 0.258974609375 0.18317937701396347
1 0.5818359375 0.2004403866809882 0.18060546875 0.17818474758324382
1 0.459462890625 0.6124919441460795 0.2223046875 0.12150375939849624
1 0.649375 0.6029967776584317 0.162685546875 0.13474758324382385