7 0.1591796875 0.2588522588522589 0.1533203125 0.2893772893772894 0.1552734375 0.3028083028083028 0.162109375 0.3137973137973138 0.17578125 0.326007326007326 0.2021484375 0.33821733821733824 0.240234375 0.34554334554334554 0.2958984375 0.3431013431013431 0.328125 0.3308913308913309 0.3466796875 0.31868131868131866 0.3671875 0.2844932844932845 0.3662109375 0.2673992673992674 0.35546875 0.2442002442002442 0.330078125 0.21733821733821734 0.3154296875 0.2087912087912088 0.2998046875 0.20634920634920634 0.2294921875 0.2026862026862027 0.1875 0.22832722832722832
7 0.068359375 0.43223443223443225 0.0693359375 0.452991452991453 0.0927734375 0.4810744810744811 0.0947265625 0.49694749694749696 0.10546875 0.49694749694749696 0.10546875 0.5091575091575091 0.1220703125 0.518925518925519 0.12890625 0.5164835164835165 0.150390625 0.5238095238095238 0.1611328125 0.5225885225885226 0.1650390625 0.514041514041514 0.1751298828125 0.5103785103785103 0.212890625 0.5067155067155067 0.2548828125 0.4908424908424908 0.27734375 0.4725274725274725 0.2880859375 0.4456654456654457 0.26953125 0.41025641025641024 0.2255859375 0.38461538461538464 0.1630859375 0.37606837606837606 0.1318359375 0.3785103785103785 0.10546875 0.3894993894993895 0.0771484375 0.4078144078144078
7 0.189453125 0.5714285714285714 0.1884765625 0.5885225885225885 0.1943359375 0.6178266178266179 0.2119140625 0.6495726495726496 0.2333984375 0.6678876678876678 0.2783203125 0.6788766788766789 0.3212890625 0.6752136752136753 0.365234375 0.6581196581196581 0.3896484375 0.6349206349206349 0.4072265625 0.6043956043956044 0.40625 0.5860805860805861 0.396484375 0.5616605616605617 0.36328125 0.5335775335775336 0.333984375 0.5238095238095238 0.2744140625 0.5238095238095238 0.23046875 0.5347985347985348 0.2119140625 0.5445665445665445
7 0.4111328125 0.48595848595848595 0.4130859375 0.5164835164835165 0.4345703125 0.5445665445665445 0.4619140625 0.5616605616605617 0.5 0.5726495726495726 0.5546875 0.5677655677655677 0.5732421875 0.5604395604395604 0.6162109375 0.5262515262515263 0.6240234375 0.5115995115995116 0.61328125 0.46764346764346765 0.587890625 0.43956043956043955 0.564453125 0.42735042735042733 0.5185546875 0.4175824175824176 0.4892578125 0.42002442002442003 0.4404296875 0.43833943833943834 0.423828125 0.4554334554334554
7 0.3544921875 0.3235653235653236 0.3544921875 0.35653235653235654 0.3701171875 0.38461538461538464 0.404296875 0.409035409035409 0.4404296875 0.4175824175824176 0.5 0.4126984126984127 0.53515625 0.39316239316239315 0.5595703125 0.3724053724053724 0.57421875 0.34798534798534797 0.5732421875 0.32844932844932845 0.5576171875 0.3028083028083028 0.5224609375 0.28327228327228327 0.4970703125 0.2771672771672772 0.4521484375 0.27472527472527475 0.4189453125 0.28083028083028083 0.3828125 0.29914529914529914
7 0.365234375 0.17704517704517705 0.3671875 0.20512820512820512 0.3857421875 0.23321123321123322 0.4130859375 0.24786324786324787 0.44921875 0.2564102564102564 0.48046875 0.25518925518925517 0.5322265625 0.23565323565323565 0.548828125 0.21978021978021978 0.5654296875 0.18192918192918192 0.564453125 0.17094017094017094 0.54296875 0.1391941391941392 0.505859375 0.115995115995116 0.4609375 0.11721611721611722 0.40234375 0.1343101343101343 0.37890625 0.15262515262515264
7 0.4287109375 0.6483516483516484 0.4287109375 0.6800976800976801 0.453125 0.7252747252747253 0.5146484375 0.7411477411477412 0.578125 0.7411477411477412 0.599609375 0.7350427350427351 0.630859375 0.7118437118437119 0.6416015625 0.6947496947496947 0.6484375 0.6715506715506715 0.6416015625 0.6422466422466423 0.58984375 0.5982905982905983 0.572265625 0.590964590964591 0.533203125 0.5860805860805861 0.48046875 0.5934065934065934 0.4599609375 0.6031746031746031 0.4404296875 0.6227106227106227
7 0.5908203125 0.3711843711843712 0.5927734375 0.4065934065934066 0.615234375 0.4358974358974359 0.6337890625 0.4468864468864469 0.669921875 0.4542124542124542 0.716796875 0.45054945054945056 0.7548828125 0.4346764346764347 0.771484375 0.4139194139194139 0.7802734375 0.3833943833943834 0.779296875 0.36996336996337 0.7666015625 0.3443223443223443 0.74609375 0.3235653235653236 0.71484375 0.3089133089133089 0.68359375 0.3089133089133089 0.6328125 0.3235653235653236 0.60546875 0.3443223443223443
7 0.591796875 0.19047619047619047 0.59375 0.2148962148962149 0.607421875 0.23321123321123322 0.6318359375 0.2515262515262515 0.6923828125 0.26495726495726496 0.75 0.25274725274725274 0.76953125 0.23809523809523808 0.7802734375 0.2222222222222222 0.78515625 0.2039072039072039 0.7822265625 0.1746031746031746 0.765625 0.14896214896214896 0.7470703125 0.1330891330891331 0.7119140625 0.1221001221001221 0.677734375 0.1221001221001221 0.6494140625 0.12942612942612944 0.615234375 0.1514041514041514 0.5986328125 0.17094017094017094
7 0.7783203125 0.28205128205128205 0.779296875 0.3052503052503053 0.80078125 0.33821733821733824 0.81640625 0.3504273504273504 0.8564453125 0.36385836385836384 0.89453125 0.36507936507936506 0.9296875 0.3540903540903541 0.9560546875 0.33577533577533575 0.9697265625 0.31013431013431014 0.962890625 0.2796092796092796 0.9521484375 0.2673992673992674 0.927734375 0.2503052503052503 0.8935546875 0.23931623931623933 0.8232421875 0.24297924297924298 0.794921875 0.2576312576312576
7 0.8134765625 0.42735042735042733 0.8134765625 0.4554334554334554 0.8203125 0.47741147741147744 0.841796875 0.503052503052503 0.8681640625 0.518925518925519 0.9052734375 0.5274725274725275 0.935546875 0.5286935286935287 0.9755859375 0.5201465201465202 0.9990234375 0.5054945054945055 0.9990234375 0.4297924297924298 0.970703125 0.40293040293040294 0.9345703125 0.3833943833943834 0.8837890625 0.3772893772893773 0.861328125 0.38095238095238093 0.828125 0.4004884004884005
7 0.685546875 0.5702075702075702 0.6875 0.5811965811965812 0.6826171875 0.5848595848595849 0.685546875 0.6056166056166056 0.69921875 0.6324786324786325 0.71630859375 0.6312576312576312 0.7314453125 0.6373626373626373 0.7353515625 0.6471306471306472 0.7734375 0.6532356532356532 0.78515625 0.652014652014652 0.80859375 0.6385836385836385 0.8310546875 0.6398046398046398 0.837890625 0.6190476190476191 0.873046875 0.6031746031746031 0.8759765625 0.5885225885225885 0.880859375 0.5848595848595849 0.875 0.5641025641025641 0.857421875 0.5482295482295483 0.8544921875 0.525030525030525 0.8427734375 0.5164835164835165 0.8310546875 0.518925518925519 0.82421875 0.5335775335775336 0.76953125 0.525030525030525 0.728515625 0.5323565323565324 0.6923828125 0.5567765567765568
7 0.6875 0.5592185592185592 0.6806640625 0.5775335775335775 0.6806640625 0.5885225885225885 0.6884765625 0.6227106227106227 0.716796875 0.6568986568986569 0.755859375 0.6776556776556777 0.7861328125 0.6825396825396826 0.8291015625 0.6788766788766789 0.8466796875 0.6727716727716728 0.869140625 0.6617826617826618 0.8857421875 0.645909645909646 0.8974609375 0.6288156288156288 0.9013671875 0.6141636141636142 0.90234375 0.6007326007326007 0.8974609375 0.5860805860805861 0.8798828125 0.5641025641025641 0.859375 0.5494505494505495 0.85546875 0.5262515262515263 0.84375 0.5164835164835165 0.8310546875 0.518925518925519 0.8212890625 0.5347985347985348 0.8056640625 0.5274725274725275 0.7666015625 0.5238095238095238 0.751953125 0.5311355311355311 0.7294921875 0.5311355311355311 0.716796875 0.536019536019536